seq psrname ra(hh:mm:ss.s) dec(hh:mm:ss.s) epoch
1 B0329+54 03 32 59.3 +54 34 43.5 2000
2 B0950+08 09 53 09.3 +07 55 35.7 2000
3 B1933+16 19 35 47.8 +16 16 39.9 2000
4 B2020+28 20 22 37.0 +28 54 23.1 2000
5 B1929+10 19 32 13.9 +10 59 32.4 2000
6 B1133+16 11 36 03.2 +15 51 04.4 2000
7 B2016+28 20 18 03.8 +28 39 54.2 2000
8 B2021+51 20 22 49.8 +51 54 50.2 2000
9 B0355+54 03 58 53.7 +54 13 13.7 2000
10 B0628-28 06 30 49.4 -28 34 42.7 2000
11 B1642-03 16 45 02.0 -03 17 58.3 2000
12 B2111+46 21 13 24.3 +46 44 08.7 2000
13 B1749-28 17 52 58.6 -28 06 37.3 2000
14 B2154+40 21 57 01.8 +40 17 45.9 2000
15 B0740-28 07 42 49.0 -28 22 43.7 2000
16 B1804-08 18 07 38.0 -08 47 43.2 2000
17 B2310+42 23 13 08.6 +42 53 13.0 2000
18 B0531+21 05 34 31.9 +22 00 52.0 2000
19 J0248+6021 02 48 18.6 +60 21 34.7 2000
20 B1937+21 19 39 38.5 +21 34 59.1 2000
21 B0450+55 04 54 07.7 +55 43 41.4 2000
22 B1857-26 19 00 47.5 -26 00 43.8 2000
23 B2045-16 20 48 35.6 -16 16 44.5 2000
24 B1822-09 18 25 30.6 -09 35 22.3 2000
25 B2319+60 23 21 55.2 +60 24 30.7 2000
26 B0031-07 00 34 08.8 -07 21 53.4 2000
27 J1713+0747 17 13 49.5 +07 47 37.5 2000
28 B0809+74 08 14 59.5 +74 29 05.7 2000
29 B0823+26 08 26 51.3 +26 37 23.7 2000
30 B1237+25 12 39 40.4 +24 53 49.2 2000
31 B1944+17 19 46 53.0 +18 05 41.2 2000
32 J1740+1000 17 40 25.9 +10 00 06.3 2000
33 B2255+58 22 57 57.7 +59 09 14.8 2000
34 B0525+21 05 28 52.2 +22 00 04 2000
35 B0540+23 05 43 09.6 +23 29 05 2000
36 J2145-0750 21 45 50.4 -07 50 18.4 2000
37 J1844+00 18 44 11 +00 35 00 2000
38 B1845-01 18 48 23.5 -01 23 58.2 2000
39 B1946+35 19 48 25.0 +35 40 11.0 2000
40 B1508+55 15 09 25.6 +55 31 32.3 2000
41 B1702-19 17 05 36.0 -19 06 38.6 2000
42 B1952+29 19 54 22.5 +29 23 17.2 2000
43 B1826-17 18 29 43.1 -17 51 03.9 2000
44 B1800-21 18 03 51.4 -21 37 07.3 2000
45 B1815-14 18 18 23.7 -14 22 36.7 2000
46 B0818-13 08 20 26.3 -13 50 55.8 2000
47 B2011+38 20 13 10.3 +38 45 43.3 2000
48 J1022+1001 10 22 58.0 +10 01 52.7 2000
49 B1818-04 18 20 52.6 -04 27 38.1 2000
50 B1919+21 19 21 44.8 +21 53 02.2 2000
51 B1541+09 15 43 38.8 +09 29 16.3 2000
52 J1852-0635 18 52 57.3 -06 35 57 2000
53 B1900+01 19 03 29.9 +01 35 38.3 2000
54 B2106+44 21 08 20.4 +44 41 48.8 2000
55 B0450-18 04 52 34.1 -17 59 23.3 2000
56 3C273 12 29 6.7 +02 03 09 2000