seq psrname ra(hh:mm:ss.s) dec(hh:mm:ss.s) epoch obst smp cfg his.log
1 1543+0929 15 43 38.826 +09 29 16.8 2000 16 1000 config.txt 1543+0929.obsed
2 1823+0550 18 23 30.99 +05 50 24.7 2000 8 1000 config.txt 1823+0550.obsed
3 1825+0004 18 25 15.304 +00 4 21 2000 16 1000 config.txt 1825+0004.obsed
4 1851+1259 18 51 13.23 +12 59 36.6 2000 12 1000 config.txt 1851+1259.obsed
5 1603-2531 16 3 4.883 -25 31 48.4 2000 4 1000 config.txt 1603-2531.obsed
6 1555-2341 15 55 33.16 -23 41 11 2000 16 1000 config.txt 1555-2341.obsed
8 1527-3931 15 27 58.5 -39 31 42 2000 16 1000 config.txt 1527-3931.obsed
9 1820-0427 18 20 52.621 -04 27 38.5 2000 4 1000 config.txt 1820-0427.obsed
10 1808-0813 18 8 9.429 -08 13 1.5 2000 16 1000 config.txt 1808-0813.obsed
11 1705-1906 17 5 36.108 -19 6 38.5 2000 4 1000 config.txt 1705-1906.obsed
12 1720-1633 17 20 25.23 -16 33 36 2000 8 1000 config.txt 1720-1633.obsed
13 1708-3426 17 8 57.75 -34 26 47.5 2000 16 1000 config.txt 1708-3426.obsed
14 1652-2404 16 52 58.4 -24 4 3 2000 8 1000 config.txt 1652-2404.obsed
15 1733-2228 17 33 26.42 -22 28 36 2000 16 1000 config.txt 1733-2228.obsed
16 1722-3632 17 22 9.817 -36 32 53.3 2000 16 1000 config.txt 1722-3632.obsed
17 1723-3659 17 23 7.58 -36 59 13.9 2000 16 1000 config.txt 1723-3659.obsed
18 1743-3150 17 43 36.71 -31 50 20 2000 12 1000 config.txt 1743-3150.obsed
19 1749-3002 17 49 13.48 -30 2 34 2000 16 1000 config.txt 1749-3002.obsed
20 1750-3157 17 50 47.29 -31 57 41 2000 16 1000 config.txt 1750-3157.obsed
21 1749-2629 17 49 11.28 -26 29 10 2000 16 1000 config.txt 1749-2629.obsed
22 1757-2421 17 57 0 -24 21 57 2000 4 1000 config.txt 1757-2421.obsed
23 1759-2205 17 59 24 -22 5 42 2000 4 1000 config.txt 1759-2205.obsed
24 1823-3106 18 23 46.783 -31 6 49.7 2000 4 1000 config.txt 1823-3106.obsed
25 1807-2715 18 7 8.5 -27 15 0 2000 16 1000 config.txt 1807-2715.obsed
26 1822-2256 18 22 59 -22 56 49 2000 8 1000 config.txt 1822-2256.obsed
27 1824-1945 18 24 0.45 -19 45 51 2000 4 1000 config.txt 1824-1945.obsed
28 1900-2600 19 0 47.6 -26 0 43.1 2000 4 1000 config.txt 1900-2600.obsed
29 1946-2913 19 46 51.72 -29 13 47 2000 16 1000 config.txt 1946-2913.obsed
30 1852-2610 18 52 59.478 -26 10 12.9 2000 16 1000 config.txt 1852-2610.obsed
31 1820-1818 18 20 39.09 -18 18 3 2000 16 1000 config.txt 1820-1818.obsed
32 1829-1751 18 29 43.12 -17 51 3 2000 4 1000 config.txt 1829-1751.obsed
33 1820-1346 18 20 19.8 -13 46 18 2000 12 1000 config.txt 1820-1346.obsed
34 1830-1135 18 30 1.72 -11 35 32 2000 16 1000 config.txt 1830-1135.obsed
35 1833-0338 18 33 42 -03 38 34 2000 4 1000 config.txt 1833-0338.obsed
36 1839-0643 18 39 9.8 -06 43 45 2000 16 1000 config.txt 1839-0643.obsed
37 1844-0538 18 44 5.1 -05 38 33.5 2000 16 1000 config.txt 1844-0538.obsed
38 1943-1237 19 43 25.47 -12 37 41 2000 16 1000 config.txt 1943-1237.obsed
39 1841-0425 18 41 5.65 -04 25 19.4 2000 12 1000 config.txt 1841-0425.obsed
40 1847-0402 18 47 22.83 -04 2 14.2 2000 4 1000 config.txt 1847-0402.obsed
41 1913-0440 19 13 54.18 -04 40 47.6 2000 4 1000 config.txt 1913-0440.obsed
42 2330-2005 23 30 26.81 -20 5 28.6 2000 8 1000 config.txt 2330-2005.obsed
43 1853+0545 18 53 58.418 +05 45 55.2 2000 16 1000 config.txt 1853+0545.obsed
44 1904+0004 19 4 12.75 +00 4 5 2000 16 1000 config.txt 1904+0004.obsed
45 1903+0135 19 3 29.976 +01 35 38.2 2000 4 1000 config.txt 1903+0135.obsed
46 1926+0431 19 26 24.45 +04 31 31 2000 16 1000 config.txt 1926+0431.obsed
47 1916+0951 19 16 32.345 +09 51 26.27 2000 16 1000 config.txt 1916+0951.obsed
49 1918+1444 19 18 26.2 +14 44 56 2000 16 1000 config.txt 1918+1444.obsed
50 1935+1616 19 35 47.835 +16 16 40.59 2000 4 1000 config.txt 1935+1616.obsed
51 1932+2020 19 32 8.03 +20 20 46.3 2000 16 1000 config.txt 1932+2020.obsed
52 2248-0101 22 48 26.889 -01 1 47.6 2000 16 1000 config.txt 2248-0101.obsed
53 0134-2937 1 34 18.6629 -29 37 16.835 2000 8 1000 config.txt 0134-2937.obsed
54 0108-1431 1 8 8.318 -14 31 49.2 2000 16 1000 config.txt 0108-1431.obsed
55 0034-0721 0 34 8.88 -07 21 53.4 2000 4 1000 config.txt 0034-0721.obsed
56 0151-0635 1 51 22.74 -06 35 3 2000 16 1000 config.txt 0151-0635.obsed
57 0152-1637 1 52 10.87 -16 37 52.94 2000 8 1000 config.txt 0152-1637.obsed
58 0421-0345 4 21 33.559 -03 45 6.7 2000 16 1000 config.txt 0421-0345.obsed
59 0014+4746 0 14 17.74 +47 46 33.1 2000 16 1000 config.txt 0014+4746.obsed
60 0040+5716 0 40 32.37 +57 16 24.6 2000 16 1000 config.txt 0040+5716.obsed
61 0055+5117 0 55 45.39 +51 17 24.8 2000 16 1000 config.txt 0055+5117.obsed
62 0102+6537 1 2 32.91 +65 37 13.3 2000 16 1000 config.txt 0102+6537.obsed
63 0448-2749 4 48 41.561 -27 49 46.79 2000 8 1000 config.txt 0448-2749.obsed
64 0450-1248 4 50 8.78 -12 48 6.9 2000 16 1000 config.txt 0450-1248.obsed
65 0452-1759 4 52 34.098 -17 59 23.54 2000 4 1000 config.txt 0452-1759.obsed
66 0520-2553 5 20 36.199 -25 53 12.32 2000 16 1000 config.txt 0520-2553.obsed
67 0332+5434 3 32 59.35 +54 34 43.2 2000 4 1000 config.txt 0332+5434.obsed
68 0335+4555 3 35 16.633 +45 55 52.98 2000 12 1000 config.txt 0335+4555.obsed
69 0357+5236 3 57 44.815 +52 36 57.69 2000 8 1000 config.txt 0357+5236.obsed
70 0358+5413 3 58 53.705 +54 13 13.58 2000 4 1000 config.txt 0358+5413.obsed
71 0601-0527 6 1 58.983 -05 27 50.5 2000 8 1000 config.txt 0601-0527.obsed
72 0624-0424 6 24 20.03 -04 24 52 2000 12 1000 config.txt 0624-0424.obsed
73 0630-2834 6 30 49.531 -28 34 43.6 2000 4 1000 config.txt 0630-2834.obsed
74 0538+2817 5 38 25.06 +28 17 11 2000 16 1000 config.txt 0538+2817.obsed
75 0729-1836 7 29 32.371 -18 36 42.3 2000 16 1000 config.txt 0729-1836.obsed
76 0534+2200 5 34 31.973 +22 0 52.06 2000 16 1000 config.txt 0534+2200.obsed
77 0738-4042 7 38 32.432 -40 42 41.15 2000 4 1000 config.txt 0738-4042.obsed
78 0758-1528 7 58 29.06 -15 28 9 2000 4 1000 config.txt 0758-1528.obsed
79 0742-2822 7 42 49.073 -28 22 44 2000 4 1000 config.txt 0742-2822.obsed
80 0820-1350 8 20 26.358 -13 50 55.2 2000 4 1000 config.txt 0820-1350.obsed
81 0525+1115 5 25 56.445 +11 15 19 2000 12 1000 config.txt 0525+1115.obsed
82 0631+1036 6 31 27.59 +10 36 58 2000 16 1000 config.txt 0631+1036.obsed
83 0846-3533 8 46 5.9 -35 33 40 2000 4 1000 config.txt 0846-3533.obsed
84 0855-3331 8 55 40 -33 31 30 2000 16 1000 config.txt 0855-3331.obsed
85 0837-4135 8 37 21.173 -41 35 14.29 2000 4 1000 config.txt 0837-4135.obsed
86 0454+5543 4 54 7.621 +55 43 41.2 2000 8 1000 config.txt 0454+5543.obsed
87 0659+1414 6 59 48.122 +14 14 21.53 2000 8 1000 config.txt 0659+1414.obsed
88 0614+2229 6 14 17.1 +22 29 58 2000 4 1000 config.txt 0614+2229.obsed
89 0612+3721 6 12 48.654 +37 21 37 2000 4 1000 config.txt 0612+3721.obsed
90 0629+2415 6 29 5.719 +24 15 41.65 2000 4 1000 config.txt 0629+2415.obsed
91 0953+0755 9 53 9.316 +07 55 35.6 2000 4 1000 config.txt 0953+0755.obsed
92 0908-1739 9 8 38.175 -17 39 37.8 2000 8 1000 config.txt 0908-1739.obsed
93 0922+0638 9 22 13.977 +06 38 21.69 2000 4 1000 config.txt 0922+0638.obsed
94 0943+1631 9 43 30.042 +16 31 35.49 2000 16 1000 config.txt 0943+1631.obsed
95 0944-1354 9 44 28.94 -13 54 41.4 2000 8 1000 config.txt 0944-1354.obsed
96 0826+2637 8 26 51.31 +26 37 25.57 2000 4 1000 config.txt 0826+2637.obsed
97 0754+3231 7 54 40.73 +32 31 56 2000 16 1000 config.txt 0754+3231.obsed
98 0823+0159 8 23 9.76 +01 59 12.8 2000 8 1000 config.txt 0823+0159.obsed
99 0837+0610 8 37 5.649 +06 10 14.08 2000 4 1000 config.txt 0837+0610.obsed
100 1239+2453 12 39 40.475 +24 53 49.25 2000 4 1000 config.txt 1239+2453.obsed
101 1509+5531 15 9 25.724 +55 31 33.01 2000 4 1000 config.txt 1509+5531.obsed
102 1532+2745 15 32 10.29 +27 45 50.6 2000 4 1000 config.txt 1532+2745.obsed
103 1041-1942 10 41 36.21 -19 42 13.8 2000 16 1000 config.txt 1041-1942.obsed
104 1047-3032 10 47 0.811 -30 32 17.7 2000 16 1000 config.txt 1047-3032.obsed
105 1022+1001 10 22 58.06 +10 1 54 2000 16 1000 config.txt 1022+1001.obsed
106 1115+5030 11 15 38.35 +50 30 13.6 2000 8 1000 config.txt 1115+5030.obsed
107 1141-3322 11 41 42.759 -33 22 37.4 2000 16 1000 config.txt 1141-3322.obsed
108 1136+1551 11 36 3.296 +15 51 0.7 2000 4 1000 config.txt 1136+1551.obsed
109 0653+8051 6 53 14.86 +80 51 59.9 2000 8 1000 config.txt 0653+8051.obsed
110 0814+7429 8 14 59.44 +74 29 5.8 2000 4 1000 config.txt 0814+7429.obsed
111 1257-1027 12 57 4.77 -10 27 5.4 2000 16 1000 config.txt 1257-1027.obsed
112 1311-1228 13 11 52.66 -12 28 0.7 2000 16 1000 config.txt 1311-1228.obsed
113 1320-3512 13 20 12.68 -35 12 26 2000 4 1000 config.txt 1320-3512.obsed
114 1543-0620 15 43 30.17 -06 20 45.29 2000 4 1000 config.txt 1543-0620.obsed
115 1555-3134 15 55 17.966 -31 34 19.6 2000 16 1000 config.txt 1555-3134.obsed
116 1645-0317 16 45 2.045 -03 17 58.4 2000 4 1000 config.txt 1645-0317.obsed
117 1603-2531 16 3 4.883 -25 31 48.4 2000 4 1000 config.txt 1603-2531.obsed
118 1850+1335 18 50 35.483 +13 35 58.9 2000 12 1000 config.txt 1850+1335.obsed
119 1741-0840 17 41 22.54 -08 40 33 2000 8 1000 config.txt 1741-0840.obsed
120 1735-0724 17 35 4.972 -07 24 52.4 2000 8 1000 config.txt 1735-0724.obsed
121 1807-0847 18 7 38.019 -08 47 43.1 2000 4 1000 config.txt 1807-0847.obsed
122 1825-0935 18 25 30.596 -09 35 22.8 2000 4 1000 config.txt 1825-0935.obsed
123 1748-1300 17 48 17.37 -13 0 53 2000 8 1000 config.txt 1748-1300.obsed
124 1653-3838 16 53 39.8 -38 38 20.8 2000 8 1000 config.txt 1653-3838.obsed
125 1707-4053 17 7 21.744 -40 53 55.3 2000 4 1000 config.txt 1707-4053.obsed
126 1709-1640 17 9 26.455 -16 40 58.4 2000 4 1000 config.txt 1709-1640.obsed
128 1700-3312 17 0 53.027 -33 12 45.1 2000 16 1000 config.txt 1700-3312.obsed
129 1705-3423 17 5 42.369 -34 23 44.5 2000 8 1000 config.txt 1705-3423.obsed
130 1717-3425 17 17 20.15 -34 25 5 2000 4 1000 config.txt 1717-3425.obsed
131 1722-3712 17 22 59.17 -37 12 3.7 2000 8 1000 config.txt 1722-3712.obsed
132 1733-3716 17 33 26.754 -37 16 54.6 2000 16 1000 config.txt 1733-3716.obsed
133 1751-3323 17 51 32.75 -33 23 39 2000 16 1000 config.txt 1751-3323.obsed
134 1740-3015 17 40 33.7 -30 15 42 2000 4 1000 config.txt 1740-3015.obsed
135 1817-3618 18 17 5.76 -36 18 5.5 2000 8 1000 config.txt 1817-3618.obsed
136 1745-3040 17 45 56.299 -30 40 23.6 2000 4 1000 config.txt 1745-3040.obsed
137 1739-2903 17 39 34.28 -29 3 2 2000 8 1000 config.txt 1739-2903.obsed
138 1759-2922 17 59 48.243 -29 22 7.1 2000 16 1000 config.txt 1759-2922.obsed
139 1756-2435 17 56 57.91 -24 35 35 2000 16 1000 config.txt 1756-2435.obsed
140 1801-2304 18 1 19.829 -23 4 44.2 2000 16 1000 config.txt 1801-2304.obsed
141 1941-2602 19 41 0.411 -26 2 5.9 2000 8 1000 config.txt 1941-2602.obsed
142 1812-2102 18 12 20.93 -21 2 36 2000 16 1000 config.txt 1812-2102.obsed
143 1808-2057 18 8 6.4 -20 57 50 2000 8 1000 config.txt 1808-2057.obsed
144 1818-1422 18 18 23.79 -14 22 36 2000 4 1000 config.txt 1818-1422.obsed
145 1823-1115 18 23 40.4 -11 15 8 2000 16 1000 config.txt 1823-1115.obsed
146 1826-1334 18 26 13.17 -13 34 47.2 2000 16 1000 config.txt 1826-1334.obsed
147 1830-1059 18 30 47.583 -10 59 29.3 2000 8 1000 config.txt 1830-1059.obsed
148 1835-1106 18 35 18.287 -11 6 15.1 2000 4 1000 config.txt 1835-1106.obsed
149 1835-1020 18 35 57.55 -10 20 5 2000 8 1000 config.txt 1835-1020.obsed
150 1832-0827 18 32 37.024 -08 27 3.7 2000 4 1000 config.txt 1832-0827.obsed
151 1845-0743 18 45 57.18 -07 43 38.4 2000 16 1000 config.txt 1845-0743.obsed
152 1901-0906 19 1 53.017 -09 6 10.7 2000 16 1000 config.txt 1901-0906.obsed
153 2048-1616 20 48 35.472 -16 16 44.45 2000 4 1000 config.txt 2048-1616.obsed
154 1849-0636 18 49 7 -06 36 59 2000 12 1000 config.txt 1849-0636.obsed
155 1845-0434 18 45 34.7 -04 34 35 2000 16 1000 config.txt 1845-0434.obsed
156 2046-0421 20 46 0.12 -04 21 25.3 2000 12 1000 config.txt 2046-0421.obsed
157 1857+0212 18 57 43.63 +02 12 41.3 2000 16 1000 config.txt 1857+0212.obsed
159 1909+0007 19 9 35.248 +00 7 57.88 2000 16 1000 config.txt 1909+0007.obsed
160 1909+0254 19 9 38.305 +02 54 50.9 2000 16 1000 config.txt 1909+0254.obsed
161 1902+0556 19 2 42.64 +05 56 26.5 2000 16 1000 config.txt 1902+0556.obsed
162 1905+0709 19 5 53.8 +07 9 21 2000 16 1000 config.txt 1905+0709.obsed
163 1915+1009 19 15 29.8 +10 9 51 2000 12 1000 config.txt 1915+1009.obsed
164 1917+1353 19 17 39.784 +13 53 57.06 2000 4 1000 config.txt 1917+1353.obsed
165 1932+1059 19 32 13.9 +10 59 31.99 2000 4 1000 config.txt 1932+1059.obsed
166 1840+5640 18 40 44.59 +56 40 55.6 2000 4 1000 config.txt 1840+5640.obsed
167 1946+1805 19 46 53.043 +18 5 41.59 2000 4 1000 config.txt 1946+1805.obsed
168 1913+1400 19 13 24.368 +14 0 53.1 2000 16 1000 config.txt 1913+1400.obsed
169 1921+2153 19 21 44.798 +21 53 1.83 2000 4 1000 config.txt 1921+2153.obsed
170 2043+2740 20 43 43.5 +27 40 56 2000 16 1000 config.txt 2043+2740.obsed
171 1937+2544 19 37 1.268 +25 44 13.73 2000 12 1000 config.txt 1937+2544.obsed
172 2046+1540 20 46 39.38 +15 40 32.6 2000 16 1000 config.txt 2046+1540.obsed
173 2030+2228 20 30 40.444 +22 28 21.74 2000 16 1000 config.txt 2030+2228.obsed
174 2018+2839 20 18 3.851 +28 39 54.26 2000 4 1000 config.txt 2018+2839.obsed
175 2113+2754 21 13 4.413 +27 54 2.66 2000 8 1000 config.txt 2113+2754.obsed
176 1948+3540 19 48 25.037 +35 40 11.28 2000 4 1000 config.txt 1948+3540.obsed
177 2002+3217 20 2 4.4 +32 17 18.1 2000 8 1000 config.txt 2002+3217.obsed
178 2013+3845 20 13 10.49 +38 45 44.8 2000 4 1000 config.txt 2013+3845.obsed
179 2002+4050 20 2 44.04 +40 50 54.7 2000 4 1000 config.txt 2002+4050.obsed
180 2037+3621 20 37 27.54 +36 21 23 2000 12 1000 config.txt 2037+3621.obsed
181 2317+2149 23 17 57.8 +21 49 50 2000 16 1000 config.txt 2317+2149.obsed
182 2305+3100 23 5 58.333 +31 0 1.8 2000 8 1000 config.txt 2305+3100.obsed
183 2113+4644 21 13 24.29 +46 44 8.7 2000 4 1000 config.txt 2113+4644.obsed
184 2219+4754 22 19 48.136 +47 54 53.83 2000 4 1000 config.txt 2219+4754.obsed
185 2149+6329 21 49 58.59 +63 29 43.5 2000 8 1000 config.txt 2149+6329.obsed
186 2313+4253 23 13 8.571 +42 53 12.98 2000 4 1000 config.txt 2313+4253.obsed
187 2321+6024 23 21 55.19 +60 24 30.7 2000 4 1000 config.txt 2321+6024.obsed
188 2326+6113 23 26 58.704 +61 13 36.5 2000 4 1000 config.txt 2326+6113.obsed
189 2337+6151 23 37 5.78 +61 51 1.9 2000 16 1000 config.txt 2337+6151.obsed
190 0304+1932 3 4 33.112 +19 32 50.7 2000 8 1000 config.txt 0304+1932.obsed
191 0528+2200 5 28 52.34 +22 0 0 2000 4 1000 config.txt 0528+2200.obsed
192 0534+2200 5 34 31.973 +22 0 52.06 2000 8 1000 config.txt 0534+2200.obsed
193 0543+2329 5 43 9.65 +23 29 6.14 2000 4 1000 config.txt 0543+2329.obsed
194 0147+5922 1 47 44.665 +59 22 3.19 2000 4 1000 config.txt 0147+5922.obsed
195 0141+6009 1 41 39.947 +60 9 32.28 2000 4 1000 config.txt 0141+6009.obsed
196 0157+6212 1 57 50 +62 12 27.1 2000 4 1000 config.txt 0157+6212.obsed
197 0215+6218 2 15 56.61 +62 18 33.36 2000 16 1000 config.txt 0215+6218.obsed
198 0534+2200 5 34 31.973 +22 0 52.06 2000 16 1000 config.txt 0534+2200.obsed
199 1614+0737 16 14 40.98 +07 37 32 2000 16 1000 config.txt 1614+0737.obsed
200 1623-0908 16 23 17.7 -09 8 48 2000 16 1000 config.txt 1623-0908.obsed
201 1740+1311 17 40 7.37 +13 11 57.6 2000 8 1000 config.txt 1740+1311.obsed
202 1805+0306 18 5 10.16 +03 6 30.9 2000 16 1000 config.txt 1805+0306.obsed
203 1844+1454 18 44 54.86 +14 54 13.9 2000 16 1000 config.txt 1844+1454.obsed
204 1603-2712 16 3 9 -27 12 27 2000 8 1000 config.txt 1603-2712.obsed
205 1801-0357 18 1 22.649 -03 57 54.3 2000 16 1000 config.txt 1801-0357.obsed
206 1711-1509 17 11 55.056 -15 9 38.1 2000 16 1000 config.txt 1711-1509.obsed
207 1703-1846 17 3 51.07 -18 46 15 2000 8 1000 config.txt 1703-1846.obsed
208 1720-2933 17 20 34.15 -29 33 15 2000 16 1000 config.txt 1720-2933.obsed
209 1703-3241 17 3 22.4 -32 41 45 2000 4 1000 config.txt 1703-3241.obsed
210 1701-3726 17 1 18.54 -37 26 25 2000 8 1000 config.txt 1701-3726.obsed
211 1705-1906 17 5 36.108 -19 6 38.5 2000 4 1000 config.txt 1705-1906.obsed
212 1705-3423 17 5 42.369 -34 23 44.5 2000 8 1000 config.txt 1705-3423.obsed
213 1722-3207 17 22 2.955 -32 7 44.9 2000 4 1000 config.txt 1722-3207.obsed
214 1721-3532 17 21 32.8 -35 32 46.6 2000 4 1000 config.txt 1721-3532.obsed
215 1720-3659 17 20 1.976 -36 59 6.5 2000 16 1000 config.txt 1720-3659.obsed
216 1741-3927 17 41 18.04 -39 27 38 2000 4 1000 config.txt 1741-3927.obsed
217 1730-3350 17 30 32.62 -33 50 43 2000 16 1000 config.txt 1730-3350.obsed
218 1738-3211 17 38 54.2 -32 11 53 2000 8 1000 config.txt 1738-3211.obsed
219 1741-3016 17 41 7.04 -30 16 31 2000 16 1000 config.txt 1741-3016.obsed
220 1817-3837 18 17 0.27 -38 37 59.7 2000 12 1000 config.txt 1817-3837.obsed
221 1739-3131 17 39 24.3 -31 31 3 2000 16 1000 config.txt 1739-3131.obsed
222 1752-2806 17 52 58.66 -28 6 48 2000 4 1000 config.txt 1752-2806.obsed
223 1750-2438 17 50 59.787 -24 38 58 2000 16 1000 config.txt 1750-2438.obsed
224 1801-2451 18 1 0.223 -24 51 27.1 2000 16 1000 config.txt 1801-2451.obsed
225 1803-2137 18 3 51.35 -21 37 7.2 2000 4 1000 config.txt 1803-2137.obsed
226 1759-1940 17 59 57.04 -19 40 29 2000 16 1000 config.txt 1759-1940.obsed
227 1809-2109 18 9 14.32 -21 9 2 2000 8 1000 config.txt 1809-2109.obsed
228 1848-1952 18 48 18 -19 52 26 2000 16 1000 config.txt 1848-1952.obsed
229 1812-1718 18 12 7.21 -17 18 28 2000 16 1000 config.txt 1812-1718.obsed
230 1816-1729 18 16 18.7 -17 29 7 2000 16 1000 config.txt 1816-1729.obsed
231 1825-1446 18 25 2.97 -14 46 50 2000 8 1000 config.txt 1825-1446.obsed
232 1824-1118 18 24 29.5 -11 18 37 2000 16 1000 config.txt 1824-1118.obsed
233 1832-1021 18 32 40.9 -10 21 34.2 2000 16 1000 config.txt 1832-1021.obsed
234 1836-1008 18 36 53.9 -10 8 9 2000 4 1000 config.txt 1836-1008.obsed
235 1833-0827 18 33 40.32 -08 27 30.7 2000 4 1000 config.txt 1833-0827.obsed
236 1837-0653 18 37 14.7 -06 53 5 2000 16 1000 config.txt 1837-0653.obsed
237 1844-0433 18 44 33.46 -04 33 12.5 2000 16 1000 config.txt 1844-0433.obsed
238 1836-0436 18 36 51.78 -04 36 37 2000 8 1000 config.txt 1836-0436.obsed
239 1841-0348 18 41 38.68 -03 48 43 2000 16 1000 config.txt 1841-0348.obsed
240 1848-0123 18 48 23.6 -01 23 58.2 2000 4 1000 config.txt 1848-0123.obsed
241 1841+0912 18 41 55.97 +09 12 7.7 2000 8 1000 config.txt 1841+0912.obsed
242 1857+0526 18 57 15.856 +05 26 28.7 2000 16 1000 config.txt 1857+0526.obsed
243 1919+0021 19 19 50.637 +00 21 40.2 2000 16 1000 config.txt 1919+0021.obsed
246 1902+0615 19 2 47 +06 15 51 2000 16 1000 config.txt 1902+0615.obsed
247 1906+0641 19 6 35.23 +06 41 3 2000 16 1000 config.txt 1906+0641.obsed
248 1909+1102 19 9 48.696 +11 2 3.3 2000 12 1000 config.txt 1909+1102.obsed
249 1916+1312 19 16 58.699 +13 12 49.7 2000 8 1000 config.txt 1916+1312.obsed
250 1921+1419 19 21 24.18 +14 19 16 2000 16 1000 config.txt 1921+1419.obsed
251 1926+1648 19 26 45.337 +16 48 33 2000 12 1000 config.txt 1926+1648.obsed
252 1813+4013 18 13 13.33 +40 13 39.8 2000 8 1000 config.txt 1813+4013.obsed
253 1912+2104 19 12 43.369 +21 4 34.26 2000 16 1000 config.txt 1912+2104.obsed
254 1922+2110 19 22 53.551 +21 10 42.3 2000 16 1000 config.txt 1922+2110.obsed
255 1932+2220 19 32 22.68 +22 20 57 2000 16 1000 config.txt 1932+2220.obsed
256 1954+2923 19 54 22.585 +29 23 17.94 2000 8 1000 config.txt 1954+2923.obsed
257 1957+2831 19 57 19.36 +28 31 44.1 2000 16 1000 config.txt 1957+2831.obsed
258 2022+2854 20 22 37.079 +28 54 23.45 2000 4 1000 config.txt 2022+2854.obsed
259 2116+1414 21 16 13.75 +14 14 21.3 2000 16 1000 config.txt 2116+1414.obsed
260 2055+2209 20 55 39.15 +22 9 27.6 2000 4 1000 config.txt 2055+2209.obsed
261 1952+3252 19 52 58.298 +32 52 40.5 2000 16 1000 config.txt 1952+3252.obsed
262 2004+3137 20 4 52.3 +31 37 10.15 2000 8 1000 config.txt 2004+3137.obsed
263 2212+2933 22 12 23.38 +29 33 5.9 2000 16 1000 config.txt 2212+2933.obsed
264 1955+5059 19 55 18.9 +50 59 54.2 2000 4 1000 config.txt 1955+5059.obsed
265 2029+3744 20 29 23.87 +37 44 10 2000 16 1000 config.txt 2029+3744.obsed
266 2055+3630 20 55 31.34 +36 30 21.1 2000 8 1000 config.txt 2055+3630.obsed
267 2157+4017 21 57 1.82 +40 17 45.9 2000 4 1000 config.txt 2157+4017.obsed
268 2108+4441 21 8 20.48 +44 41 48.8 2000 4 1000 config.txt 2108+4441.obsed
269 2023+5037 20 23 41.942 +50 37 34.81 2000 4 1000 config.txt 2023+5037.obsed
270 2022+5154 20 22 49.9 +51 54 50.06 2000 4 1000 config.txt 2022+5154.obsed
271 2150+5247 21 50 37.742 +52 47 49.67 2000 8 1000 config.txt 2150+5247.obsed
272 2225+6535 22 25 52.36 +65 35 33.8 2000 16 1000 config.txt 2225+6535.obsed
273 2257+5909 22 57 57.711 +59 9 14.95 2000 4 1000 config.txt 2257+5909.obsed
274 2308+5547 23 8 13.84 +55 47 36.1 2000 16 1000 config.txt 2308+5547.obsed
275 2229+6205 22 29 41.9 +62 5 35.8 2000 16 1000 config.txt 2229+6205.obsed
276 2325+6316 23 25 13.4 +63 16 58 2000 16 1000 config.txt 2325+6316.obsed
277 2354+6155 23 54 4.71 +61 55 46.8 2000 4 1000 config.txt 2354+6155.obsed
278 0139+5814 1 39 19.77 +58 14 31.85 2000 4 1000 config.txt 0139+5814.obsed
279 0108+6608 1 8 22 +66 8 32 2000 16 1000 config.txt 0108+6608.obsed
280 0157+6212 1 57 50 +62 12 27.1 2000 4 1000 config.txt 0157+6212.obsed
281 0534+2200 5 34 31.973 +22 0 52.06 2000 16 1000 config.txt 0534+2200.obsed
282 0601-0527 6 1 58.983 -05 27 50.5 2000 8 1000 config.txt 0601-0527.obsed
283 0729-1836 7 29 32.371 -18 36 42.3 2000 16 1000 config.txt 0729-1836.obsed
284 0758-1528 7 58 29.06 -15 28 9 2000 4 1000 config.txt 0758-1528.obsed
285 0323+3944 3 23 26.605 +39 44 53.06 2000 8 1000 config.txt 0323+3944.obsed
286 0358+5413 3 58 53.705 +54 13 13.58 2000 4 1000 config.txt 0358+5413.obsed
287 0528+2200 5 28 52.34 +22 0 0 2000 4 1000 config.txt 0528+2200.obsed
288 0502+4654 5 2 4.57 +46 54 6.1 2000 4 1000 config.txt 0502+4654.obsed
289 0406+6138 4 6 30.05 +61 38 40.8 2000 8 1000 config.txt 0406+6138.obsed
290 0631+1036 6 31 27.59 +10 36 58 2000 16 1000 config.txt 0631+1036.obsed
291 0614+2229 6 14 17.1 +22 29 58 2000 4 1000 config.txt 0614+2229.obsed
292 0826+2637 8 26 51.31 +26 37 25.57 2000 4 1000 config.txt 0826+2637.obsed
293 0922+0638 9 22 13.977 +06 38 21.69 2000 4 1000 config.txt 0922+0638.obsed
294 1509+5531 15 9 25.724 +55 31 33.01 2000 4 1000 config.txt 1509+5531.obsed
295 1532+2745 15 32 10.29 +27 45 50.6 2000 4 1000 config.txt 1532+2745.obsed
296 1141-3322 11 41 42.759 -33 22 37.4 2000 16 1000 config.txt 1141-3322.obsed
